../data/0.jpg 2 241 170 304 354 0 288 82 377 352 1 381 205 547 350
../data/1.jpg 2 241 177 305 362 0 290 92 376 355 1 380 214 540 352
../data/10.jpg 0 219 109 287 374 2 331 75 389 260 1 294 261 439 385
../data/11.jpg 0 213 119 286 383 2 331 85 385 268 1 292 268 434 394
../data/12.jpg 0 201 115 284 392 2 316 101 371 279 1 277 275 418 401
../data/13.jpg 1 282 279 424 403 2 324 108 376 282 0 208 121 291 397
../data/14.jpg 0 194 117 277 394 2 310 102 366 280 1 269 275 412 403
../data/15.jpg 0 229 106 301 390 1 300 269 447 398 2 444 185 506 397
../data/16.jpg 0 226 112 306 392 1 304 273 446 403 2 444 193 509 404
../data/17.jpg 0 221 107 298 389 1 296 268 438 394 2 437 188 502 397
../data/18.jpg 1 350 265 499 401 2 291 176 351 389 0 213 99 291 380
../data/19.jpg 0 207 100 288 382 2 286 178 346 388 1 346 267 496 399
../data/2.jpg 2 247 163 310 351 0 297 70 386 347 1 391 202 563 348
../data/20.jpg 0 201 92 279 374 2 280 172 339 381 1 341 255 499 390
../data/21.jpg 1 317 220 488 377 2 240 173 334 396 0 152 107 266 409
../data/22.jpg 0 209 106 314 380 2 286 190 367 396 1 360 280 517 420
../data/23.jpg 0 207 85 276 313 2 269 150 322 307 1 318 206 426 305
../data/24.jpg 1 321 204 434 303 2 272 147 326 307 0 209 82 279 311
../data/25.jpg 0 217 62 289 297 1 287 190 400 292 2 304 58 357 195
../data/26.jpg 0 202 60 275 295 2 291 60 345 195 1 276 190 389 291
../data/27.jpg 0 260 138 323 354 1 323 257 428 351 2 417 192 470 344
../data/28.jpg 0 255 134 321 349 1 317 251 425 347 2 414 186 469 339
../data/29.jpg 0 253 137 316 350 1 313 255 420 351 2 411 191 462 340
../data/3.jpg 2 222 172 285 369 0 276 82 361 366 1 369 225 540 375
../data/30.jpg 0 230 116 296 335 2 311 94 358 244 1 294 239 400 337
../data/31.jpg 0 241 120 303 339 2 321 97 367 242 1 302 240 410 340
../data/32.jpg 2 255 191 309 346 0 314 120 386 338 1 377 239 486 337
../data/33.jpg 2 261 189 314 345 0 321 119 391 339 1 382 238 494 337
../data/4.jpg 0 243 77 326 353 2 325 141 398 353 1 394 201 571 353
../data/5.jpg 0 255 76 335 352 2 339 142 408 353 1 409 207 586 362
../data/6.jpg 0 248 73 324 353 1 315 222 471 358 2 464 134 536 351
../data/7.jpg 0 250 72 327 351 1 318 222 474 359 2 465 134 538 353
../data/8.jpg 0 241 110 313 373 2 326 66 384 255 1 306 253 449 380
../data/9.jpg 0 243 113 314 374 2 331 70 386 257 1 304 254 450 382
